11.2.7.63642
1264469
1264712
1264713
1264715
1264717
1264719
1264720
1264721
1264722
1264725
1264760
1264885
1264886
1264889
1264891
1264894
1264895
1264912
1264913
1264914
1264916
1264921
1264924
1264926
1264928
1264936
1264938
1264940
1264942
1264944
1264945
1264950
1264952
1264954
1264955
1265077
1265078
1265079
1265080
1265081
1265082
1265084
1265085
1265086
1265087
1265088
1265089
1265091
1265092
1265093
1265094
1265097
1265098
1265099
1265100
1265101
1265102
1265103
1265104
1265105
1265106
1265107
1265109
1265111
1265112
1265113
1265114
1265115
1265116
1265117
1265119
1265120
1265121
1265122
11.2.7.64438
1277200
1277201
1277204
1277205
1277206
1277207
1277208
1277209
1277210
1277215
