5.0.3.15890
104298
104299
104300
104301
104302
104303
104304
104305
104306
104307
104308
104309
104310
104311
104312
124052
124053
124054
124694
125141
125142
125584
125586
125587
125588
125589
125594
125595
125596
125597
125598
125599
125600
125601
125602
125603
125889
125898
5.5.0.60481
126654
126655
145305
145307
145309
145310
145311
6.0.1.18179
158883
158898
158913
161211
8.0.1.25902
258965
264160
264191
8.0.1.26734
280282
280671
8.0.1.26788
280732
280733
280734
9.0.1.33978
280732
280733
280734
10.0.0.44649
280732
280733
280734
383325
10.0.0.44707
383767
383770
383772
11.2.7.63642
1264469
1264712
1264713
1264715
1264717
1264719
1264720
1264721
1264722
1264725
1264760
1264885
1264886
1264889
1264891
1264894
1264895
1264912
1264913
1264914
1264916
1264921
1264924
1264926
1264928
1264936
1264938
1264940
1264942
1264944
1264945
1264950
1264952
1264954
1264955
1265077
1265078
1265079
1265080
1265081
1265082
1265084
1265085
1265086
1265087
1265088
1265089
1265091
1265092
1265093
1265094
1265097
1265098
1265099
1265100
1265101
1265102
1265103
1265104
1265105
1265106
1265107
1265109
1265111
1265112
1265113
1265114
1265115
1265116
1265117
1265119
1265120
1265121
1265122
11.2.7.64438
1277200
1277201
1277204
1277205
1277206
1277207
1277208
1277209
1277210
1277215
12.0.0.63534
1243219
1244876
1244895
1244939
1244940
1244942
1248781
1248784
1248787
1248796
1248831
1248832
1248834
1248839
1248840
1248842
1248845
1248848
1248849
